N <- 200
M <- 1
beta <- 
structure(c(6),
.Dim = c(1, 1))
X <- 
structure(c(-42.4844959750772, 57.6610270887613, -18.20461563766,
76.6034808009863, 88.0934568587691, -90.8887001220137, 5.62109760940075,
78.4838088788092, 10.2870028931648, -8.67705293931067, 91.3666690699756,
-9.3331687618047, 35.5141270905733, 14.5266803912818, -79.4150634668767,
79.9649940803647, -50.782453129068, -91.5880932938308, -34.4158561434597,
90.9007298294455, 77.9078632127494, 38.5606812313199, 28.1013627536595,
98.8539553247392, 31.1411598231643, 41.7060936335474, 8.81320494227111,
18.8284040894359, -42.168052541092, -70.5772705376148, 92.6048465073109,
80.4598090238869, 38.1410556845367, 59.0934835374355, -95.0772630982101,
-4.44080578163266, 51.6919075045735, -56.7184128332883, -36.3637984730303,
-53.6748429294676, -71.4399955235422, -17.0907328370959, -17.2551347408444,
-26.2309098150581, -69.5110504515469, -72.2387873101979, -53.3931801095605,
-6.80750994943082, -46.8054719269276, 71.5655430685729, -90.8337666653097,
-11.559985158965, 59.7849691286683, -75.620148004964, 12.1895967517048,
-58.693722076714, -74.4936699513346, 50.6615728605539, 79.0090718306601,
-25.1074448227882, 33.023038925603, -81.0318678151816, -23.2060724403709,
-45.1232710853219, 62.9280077759176, -10.2967317216098, 62.0128706097603,
62.4779019039124, 58.8684642221779, -12.0336624793708, 50.8950317278504,
25.8442263118923, 42.0364802703261, -99.8750453349203, -4.93668518029153,
-55.976222967729, -24.036692455411, 22.5542006548494, -29.6404181513935,
-77.7729151304811, -51.2761054560542, 33.6111174896359, -16.4706440642476,
57.6391668058932, -79.4270711485296, -13.0214517004788, 96.9913959968835,
78.6102228797972, 77.2938121575862, -64.9894699454308, -73.8608616869897,
30.6203850079328, -31.2967055477202, 31.3516255933791, -35.9253515023738,
-62.4617761466652, 56.4588602632284, -81.281002657488, -6.644191686064,
2.30109198018909, 19.997791852802, -33.4352919366211, -2.27739326655865,
90.8947654999793, -3.41952056623995, 78.0700444243848, 82.8876373823732,
21.7469964642078, -17.8620446939021, -70.5810618121177, 87.0599606540054,
-39.7542200051248, -87.8558856900781, 89.5453880075365, 44.1192546859384,
-71.5411408804357, 9.8569312132895, 90.8182477112859, 17.0966706238687,
-19.0979436505586, 29.578695865348, -36.0358765814453, -38.4559978265315,
-56.0464737471193, -26.1022268328816, 96.843840694055, -69.1595398355275,
-81.7912000231445, -71.6186184436083, 38.0014203023165, 23.8512966781855,
78.2788234297186, 34.5998185221106, 47.4155475851148, 4.22714515589178,
31.967689935118, 64.3610920291394, 57.2563103400171, 95.9643834736198,
-12.1136927511543, -37.6595595851541, -18.1050094775856, -97.9065776336938,
-63.230095198378, 68.5458637773991, -53.7676435895264, -52.1800088696182,
-84.6617669332772, -50.8552643936127, 46.427041105926, 69.4906330201775,
-0.494546582922339, -22.4181940313429, -50.7102011702955, -77.7807077392936,
-22.0011129509658, 14.3870627973229, -56.6214474383742, -11.0463995952159,
-56.4018662553281, 0.459912652149796, -29.2190856300294, 29.997031763196,
-25.0572086777538, -28.9109238423407, 6.73758909106255, 48.0668720789254,
-55.7794124353677, -17.45077627711, -46.8626626301557, 25.9946106933057,
-63.2343018427491, 72.7288222871721, 49.3136008270085, 33.6569299455732,
23.6035746522248, -25.5523879546672, 5.96713717095554, 74.9364685732871,
16.3500199560076, 67.9535529576242, -37.5103670172393, 41.6580644436181,
-46.9964387826622, 18.8686388079077, -3.74203990213573, -46.993453707546,
12.9180869553238, 82.6376446057111, 80.3748778998852, -45.1666756998748,
-35.7034487184137, 97.1281768754125, 23.9986620377749, 87.4628178309649,
-6.69345953501761, -18.6334813479334, 31.8460648413748, -69.5306766312569,
14.5734116435051),
.Dim = c(200, 1))
y <- 
c(-253.617382414162, 348.223046241724, -107.474385704423, 461.27334220652,
529.609122585349, -543.377228456891, 34.9416811869474, 471.234911336267,
63.3417908387008, -49.1433210268033, 549.624667457245, -53.3910482486032,
213.466879835151, 89.1045203821665, -473.970973597317, 482.091117844355,
-302.589042580259, -548.16926577129, -205.344841206792, 546.380250186068,
469.564825873596, 232.416612773735, 170.117619078256, 594.867639756237,
190.690820944218, 251.584611899589, 55.1146162259115, 115.048385386179,
-251.970171880682, -421.534931311813, 559.073629902289, 485.210358196401,
230.887567029213, 356.138404392274, -570.516825810801, -23.5134974763818,
310.690804956516, -337.570529488853, -214.273687268964, -321.492950737777,
-425.938188805878, -100.806594511978, -103.102952604212, -156.90012654413,
-416.667838882856, -431.963630383358, -319.820836242359, -38.1571429236091,
-276.73272262104, 430.106227935402, -542.214861144383, -66.590868712789,
361.04201735096, -452.729264638061, 75.0181279035982, -350.442727795454,
-444.399030174787, 305.596998407219, 477.031404370646, -149.019249794496,
201.190945019198, -485.240383897756, -138.496589886984, -265.498586576989,
379.151189067345, -59.4821627381183, 374.713793332596, 376.383630797766,
355.727647377381, -69.8330103488399, 307.154809859461, 157.130650904879,
254.184814368218, -595.121820110505, -28.361447178022, -334.953334073449,
-142.182366333295, 137.63568467854, -175.405985429451, -465.095856115598,
-306.719958870296, 204.929890113905, -97.1735147734392, 346.969487972706,
-474.798706460119, -76.3258860972213, 585.058296271015, 473.746074570981,
466.516926730702, -388.436111689757, -440.950724812356, 185.397624136106,
-185.685649758148, 189.214390202297, -214.862910547571, -370.773443495243,
341.353870403043, -486.937287306553, -38.4763160330644, 14.6210717965372,
124.185561465696, -197.299338643293, -11.9295046560482, 547.911787059108,
-18.9314633453586, 469.944019651693, 498.537221456389, 131.887361517787,
-103.521360696076, -421.540398997792, 524.47900916046, -236.28163260115,
-523.902838261983, 538.756264214274, 265.723020965238, -425.571148350211,
60.7004240628317, 546.186420297776, 103.343750624329, -113.872377625669,
178.89820171279, -213.597273671505, -227.626138820259, -333.57125412888,
-154.977018294385, 583.122794101714, -413.661835476845, -489.464418300441,
-426.827060162673, 228.992929235296, 147.063074034605, 471.582620984346,
209.813449959293, 285.754757805949, 26.7884822455874, 192.489123478403,
387.983626786464, 345.956844445027, 578.11060518588, -71.4636929939806,
-224.745979481778, -107.132255583856, -583.943405132317, -378.517874810934,
413.096131070014, -318.70349971548, -311.181028103038, -507.330442303485,
-303.796355796951, 281.047706614461, 418.568195249395, -1.52915586108382,
-132.853081422186, -302.170710374634, -463.085737664616, -130.095242817933,
89.4031762800887, -337.097930514594, -64.3920374668016, -337.944099534859,
4.23835859534626, -173.804384233315, 182.029345011937, -147.043053388856,
-169.172464080213, 43.973115605359, 290.268081509223, -334.433002007764,
-103.093437526732, -279.086768557861, 158.812677163902, -376.44328308801,
439.057243152449, 296.486330612251, 204.791222719073, 143.174890696921,
-151.139525027842, 37.877374202907, 452.046978204693, 100.124794718872,
408.05384264816, -222.325706138663, 252.334413230058, -280.244284321251,
115.329977358493, -20.3182007674459, -279.739702776715, 81.1493678979204,
497.606817255333, 484.417332783196, -267.831670326179, -211.166511287105,
585.914324362855, 145.41450422559, 528.779389716082, -38.0940563391755,
-107.934036242894, 191.725486362218, -415.163076201187, 90.6903844319998)
