N <- 3
M <- 2
beta <- 
structure(c(1, 3),
.Dim = c(2, 1))
X <- 
structure(c(49.1239995229989, 56.3424849882722, -95.9925772156566,
55.2170774899423, -86.6179813165218, 28.9590248838067),
.Dim = c(3, 2))
y <- 
c(129.487563160873, -288.920073687572, -107.714112212119)
